3978
13998
37346
74884
80903
103951
183161
192034
194450
198683
212862
214233
240570
266419
285832
291990
293869
307372
307774
308270
308450
322602
323943
361831
381044
401526
412158
431220
443077
470176
497949
529572
552289
552373
553764
556373
564720
580445
589999
657288
724502
726608
727557
793876
796480
817986
836769
841679
843797
977673
979326
1040610
1098931
1107870
1134304
1134377
1155998
1165631
1169772
1173109
1173999
1185857
1202448
1259497
1266165
1274377
1283652
1289515
1324455
1325196
1350703
1359147
1360148
1363172
1377228
1394409
1397284
1424448
1425545
1430723
1442210
1473215
1485443
1496612
1501746
1510040
1519072
1522558
1533065
1534275
1537486
1550690
1553715
1554293
1631014
1637716
1646487
1672999
1679714
1723865
1746952
1748196
1780291
1788652
1796445
1800655
1809868
1820483
1832922
1849941
1862399
1873377
1895103
1896592
1936197
1939356
1941457
1967974
1990787
2064895
2107310
2113325
2118085
2141622
2164714
2166241
2181196
2213921
2225857
2240375
2271386
2308304
2312763
2313044
2318096
2342806
2350257
2428535
2477193
2479208
2547678
2568892
2577770
2578545
2612733
2622429
2654950
2673136
2684047
2724575
2733643
2742111
2765332
2783954
2823622
2839774
2898331
2900305
2913344
2933470
2936270
2941131
2959328
2965151
2979928
3071116
3075565
3114331
3146661
3157421
3172373
3198744
3224343
3270459
3295029
3317563
3330110
3342671
3346896
3349080
3363036
3367439
3444224
3467034
3485272
3492528
3493816
3495575
3508754
3548445
3559919
3592909
3629913
3633769
3656245
3677562
3763323
3851832
3853710
3876191
3916219
3917800
3960385
3979417
4003351
4042471
4077985
4117727
4201776
4219914
4285368
4307251
4329994
4351002
4352001
4430730
4443969
4452977
4478015
4498632
4503284
4557797
4657020
4715094
4735035
4737627
4740507
4760447
4793244
4830853
4872335
4895544
4920389
4966824
4973369
4975222
4996928
5082720
5125563
5245724
5294096
5302153
5325745
5375245
5440620
5453554
5459792
5464384
5547527
5580296
5669872
5736293
5745774
5757240
5761278
5788014
5798162
5799945
5812793
5816105
5834060
5846736
5854222
5878158
5880253
5883441
5899136
5916607
5917724
5928583
5942107
5964543
6016753
6038198
6043400
6153126
6194465
6231364
6262080
6263500
6270204
6284015
6311585
6327677
6330613
6366281
6369351
6389822
6392819
6399551
6418167
6432170
6454644
6467349
6487534
6502612
6515620
6527198
6545655
6546976
